name: mamba
channels:
  - conda-forge
  - bioconda
  - defaults
dependencies:
  - _libgcc_mutex=0.1=conda_forge
  - _openmp_mutex=4.5=2_gnu
  - brotli-python=1.1.0=py310hc6cd4ac_1
  - bzip2=1.0.8=hd590300_5
  - c-ares=1.28.1=hd590300_0
  - ca-certificates=2024.2.2=hbcca054_0
  - certifi=2024.2.2=pyhd8ed1ab_0
  - charset-normalizer=3.3.2=pyhd8ed1ab_0
  - conda-package-handling=2.2.0=pyh38be061_0
  - conda-package-streaming=0.9.0=pyhd8ed1ab_0
  - icu=73.2=h59595ed_0
  - idna=3.6=pyhd8ed1ab_0
  - keyutils=1.6.1=h166bdaf_0
  - krb5=1.20.1=hf9c8cef_0
  - ld_impl_linux-64=2.40=h41732ed_0
  - libarchive=3.5.2=hb890918_3
  - libcurl=7.87.0=h6312ad2_0
  - libedit=3.1.20191231=he28a2e2_2
  - libev=4.33=hd590300_2
  - libffi=3.4.2=h7f98852_5
  - libgcc-ng=13.2.0=h807b86a_5
  - libgomp=13.2.0=h807b86a_5
  - libiconv=1.17=hd590300_2
  - libmamba=0.23.3=hd8a31e3_1
  - libnghttp2=1.51.0=hdcd2b5c_0
  - libnsl=2.0.1=hd590300_0
  - libsolv=0.7.28=hfc55251_2
  - libsqlite=3.45.2=h2797004_0
  - libssh2=1.10.0=haa6b8db_3
  - libstdcxx-ng=13.2.0=h7e041cc_5
  - libuuid=2.38.1=h0b41bf4_0
  - libxml2=2.12.6=h232c23b_1
  - libzlib=1.2.13=hd590300_5
  - lz4-c=1.9.4=hcb278e6_0
  - lzo=2.10=h516909a_1000
  - ncurses=6.4.20240210=h59595ed_0
  - openssl=1.1.1w=hd590300_0
  - pip=24.0=pyhd8ed1ab_0
  - pybind11-abi=4=hd8ed1ab_3
  - pycparser=2.22=pyhd8ed1ab_0
  - pyopenssl=23.2.0=pyhd8ed1ab_1
  - python=3.10.8=h257c98d_0_cpython
  - python_abi=3.10=4_cp310
  - readline=8.2=h8228510_1
  - reproc=14.2.4.post0=hd590300_1
  - reproc-cpp=14.2.4.post0=h59595ed_1
  - requests=2.31.0=pyhd8ed1ab_0
  - ruamel_yaml=0.15.80=py310h2372a71_1009
  - setuptools=69.5.1=pyhd8ed1ab_0
  - tk=8.6.13=noxft_h4845f30_101
  - tzdata=2024a=h0c530f3_0
  - urllib3=2.2.1=pyhd8ed1ab_0
  - wheel=0.43.0=pyhd8ed1ab_1
  - xz=5.2.6=h166bdaf_0
  - yaml=0.2.5=h7f98852_2
  - yaml-cpp=0.7.0=h59595ed_3
  - zstd=1.5.5=hfc55251_0
  - pip:
    - brotli==1.1.0
    - cffi==1.16.0
    - conda==4.12.0
    - cryptography==39.0.0
    - libmambapy==0.23.3
    - mamba==0.23.3
    - pycosat==0.6.6
    - pysocks==1.7.1
    - ruamel-yaml-conda==0.15.80
    - zstandard==0.22.0
prefix: /home/user22/.conda/envs/mamba
